T  D  defect_fraction  Sq_max  mean_u2
2.000000000000000042e-03 7.103151371812354484e-06 0.000000000000000000e+00 2.510042938339332963e+01 7.807093785085015419e-04
5.000000000000000104e-03 3.376353133761973762e-05 0.000000000000000000e+00 2.296600839419155449e+01 2.366508320130881245e-03
7.000000000000000146e-03 5.634411904051922384e-05 3.535353535353535350e-04 2.002115656261423382e+01 3.580535859290693429e-03
8.000000000000000167e-03 2.251108008207843784e-04 1.181770833333333354e-01 1.167686627047834591e+01 4.242739631570868232e-03
8.999999999999999320e-03 2.167783638975160059e-04 3.990534979423868145e-01 5.333301723466338906e+00 4.659308013618389428e-03
1.000000000000000021e-02 1.439342074289821612e-04 4.493970189701896878e-01 7.192472482500901876e+00 5.136671407410031698e-03
1.099999999999999936e-02 1.372763783516128757e-04 4.666962174940898489e-01 7.688540803243047783e+00 5.614600947026252530e-03
1.200000000000000025e-02 1.210331967693142533e-04 4.723673300165837641e-01 7.794048749324512748e+00 6.175293911088139930e-03
1.299999999999999940e-02 1.192541005699185026e-04 4.671227197346600191e-01 7.539535201992965341e+00 6.727443043697970207e-03
1.400000000000000029e-02 1.503604295247230709e-04 4.694562647754136897e-01 7.531075608300958457e+00 7.245836133611101640e-03
1.499999999999999944e-02 1.961174428297119928e-04 4.620528455284552694e-01 7.373409174484780060e+00 7.886121879874112214e-03
1.700000000000000122e-02 2.901711517292261721e-04 4.617386831275719916e-01 6.890518555211134100e+00 9.029181489522883006e-03
2.000000000000000042e-02 1.321873694750098590e-04 4.563194444444444442e-01 5.938511734904740713e+00 1.090350536457060544e-02
2.500000000000000139e-02 3.760671197056072459e-04 4.437626262626262474e-01 5.025524495170280659e+00 1.413798860780550969e-02
2.999999999999999889e-02 1.189437395252073695e-03 4.650925925925926130e-01 3.825840662744832699e+00 1.749749195127854942e-02
4.000000000000000083e-02 1.610673731595805170e-03 4.941049382716049543e-01 2.667604535212712236e+00 2.437650302206991609e-02
2.999999999999999889e-02 1.122366563675087801e-03 4.659259259259259101e-01 3.224309859907310116e+00 1.770924507095944511e-02
2.500000000000000139e-02 7.387868192596389267e-04 4.466414141414141170e-01 3.668512331252483882e+00 1.449382903458703263e-02
2.000000000000000042e-02 5.262013566982723855e-04 4.218923611111111138e-01 4.303861822030898843e+00 1.137559524452181302e-02
1.700000000000000122e-02 5.601455292031365645e-04 4.279012345679012452e-01 5.341073450312131321e+00 9.380150653840296435e-03
1.499999999999999944e-02 2.180229500453692863e-04 4.409552845528455500e-01 7.069516791282223878e+00 8.055689836197893472e-03
1.400000000000000029e-02 1.703588290380232467e-04 4.373581560283688052e-01 8.940353649715895301e+00 7.359572111606617166e-03
1.299999999999999940e-02 1.277022394993323042e-04 4.493200663349917190e-01 1.014744016451174957e+01 6.700217925438747835e-03
1.200000000000000025e-02 6.873617430026012518e-05 4.672014925373134120e-01 1.089354933029552974e+01 6.091737612603229275e-03
1.099999999999999936e-02 6.279963850229843025e-05 4.724290780141843782e-01 1.128866552127335865e+01 5.523767991731192567e-03
1.000000000000000021e-02 5.811150201960441460e-05 4.839363143631436048e-01 1.166515948871035491e+01 4.998021485634892604e-03
8.999999999999999320e-03 6.482450744718743440e-05 4.933847736625514568e-01 1.208122410677590075e+01 4.454455840360476045e-03
8.000000000000000167e-03 4.130867530910131431e-05 5.051041666666666874e-01 1.244419014560314274e+01 3.948237468005954577e-03
7.000000000000000146e-03 4.263432615867865681e-05 5.157575757575757480e-01 1.280517521376494194e+01 3.411224013941097869e-03
5.000000000000000104e-03 2.185808137137479034e-05 5.537301587301587391e-01 1.331426004877301672e+01 2.366627545451655684e-03
2.000000000000000042e-03 6.745300700932983102e-06 6.166269841269841345e-01 1.405948817934185335e+01 8.861459956508630463e-04
