T  D  defect_fraction  Sq_max  mean_u2
2.000000000000000042e-03 7.103151371812354484e-06 0.000000000000000000e+00 2.510042938339332963e+01 7.807093785085015419e-04
5.000000000000000104e-03 4.227135716071928967e-05 0.000000000000000000e+00 2.306233076697078133e+01 2.363928245453312572e-03
7.000000000000000146e-03 4.127434479992128565e-05 1.515151515151515150e-04 2.102161245549480739e+01 3.544262977194430689e-03
8.000000000000000167e-03 8.103713415102839707e-05 1.319444444444444484e-03 1.941165450461263475e+01 4.160330729062056664e-03
8.999999999999999320e-03 2.213705077605058178e-04 2.702674897119341710e-02 1.613653537017307826e+01 4.788290372314272896e-03
1.000000000000000021e-02 3.811328091837882354e-04 1.492479674796748090e-01 1.049062634465090760e+01 5.389529924257559050e-03
1.099999999999999936e-02 3.489840278966498252e-04 2.566489361702127825e-01 6.790017223656983347e+00 5.897033447799226828e-03
1.200000000000000025e-02 3.331132061885273051e-04 3.276616915422885801e-01 4.591826947411290938e+00 6.460609523767171965e-03
1.299999999999999940e-02 3.447583811140214399e-04 3.362147595356550500e-01 4.190637448908342222e+00 7.050617686897006631e-03
1.400000000000000029e-02 4.094649961965552147e-04 3.145744680851063624e-01 4.674553043602893254e+00 7.633462515783554468e-03
1.499999999999999944e-02 4.511685530946977010e-04 2.911314363143631678e-01 5.387775813391582957e+00 8.294597585705004369e-03
1.700000000000000122e-02 4.957170038135054035e-04 2.746502057613168790e-01 5.919505417317405538e+00 9.536890362160167431e-03
2.000000000000000042e-02 5.399258540328478236e-04 2.689756944444444686e-01 6.299877596855671946e+00 1.147899157347526816e-02
2.500000000000000139e-02 8.520204521536977205e-04 3.108585858585858341e-01 5.715124280534586987e+00 1.458539393963393521e-02
2.999999999999999889e-02 1.181712002520488502e-03 3.479012345679012297e-01 5.216966800651889891e+00 1.780608912848249611e-02
4.000000000000000083e-02 1.802070685772783629e-03 4.564814814814814881e-01 3.235569559656906957e+00 2.460724477717141090e-02
